12 5
test 0.084297328395 0.0554966068419 0.0807123210121 0.0783847638875 -0.0564000715067
for 0.089624186399 0.0399923536622 0.066619495234 -0.0776965553518 0.0610184564048
<bol> 0.0469203014482 -0.0134785065671 -0.0428262036229 0.0599147492549 0.0887286465902
<eol> 0.0859182399992 -0.00321885967794 -0.0782542338872 0.00649613496819 -0.0949109049354
This -0.00596412576691 -0.00176865427217 -0.0783385814536 0.0355074657269 0.0202433789789
is 0.0384418471608 0.00576127579366 0.0688702405168 -0.00812140391025 -0.0611596046707
a -0.045850437522 0.0358679169785 0.0485717365513 0.056063977837 -0.0911345294681
just 0.0689952605611 -0.0639090985442 0.0883573055415 0.0824245676027 -0.0104725989295
me 0.00759638033232 -0.010622834309 0.0234250459126 0.0876821609385 0.00841876583019
not 0.0934462404923 -0.0574902077677 0.0313727690697 0.0462152433285 -0.0785802365367
you -0.0630807858136 -0.0869410028586 0.0598977351744 0.0488636657821 -0.0402263756701
<unk> -0.00531309715581 -0.0156229987148 -0.0824626816029 0.0881881549926 0.0830032768372
